1659496843051 1.1933653424367083 0
1659496843065 1.0483837138786156 1
1659496843078 0.940043144715614 2
1659496843091 0.8549122973581185 3
1659496843106 0.7863318813608865 4
1659496843120 0.729895949607494 5
1659496843135 0.6818119214294862 6
1659496843152 0.6406436756890349 7
1659496843165 0.6049689897764398 8
1659496843179 0.5732523125913701 9
1659496843191 0.5453235633646215 10
1659496843207 0.5203023967129534 11
1659496843228 0.49779557292966625 12
1659496843244 0.477617467371824 13
1659496843259 0.4593704315705774 14
1659496843273 0.4422510336457883 15
1659496843290 0.42691115210373737 16
1659496843307 0.4128700243480889 17
1659496843325 0.39933571827876124 18
1659496843340 0.3870835191731303 19
1659496843358 0.3754225414573459 20
1659496843373 0.36504080366889285 21
1659496843387 0.3550105961699488 22
1659496843399 0.3455352398173281 23
1659496843413 0.3367150449623185 24
1659496843428 0.328575448045246 25
1659496843440 0.3207921409597462 26
1659496843454 0.31348819302231196 27
1659496843467 0.3066831940256594 28
1659496843479 0.30015595616690227 29
1659496843493 0.2940665933127725 30
1659496843508 0.28823580581013464 31
1659496843527 0.28258828258434243 32
1659496843542 0.2771295732942771 33
1659496843556 0.27216506832676857 34
1659496843572 0.2673565825368482 35
1659496843588 0.2627369105512785 36
1659496843603 0.2583415211547375 37
1659496843619 0.2542123121640142 38
1659496843633 0.2501968327025271 39
1659496843647 0.24651075779785037 40
1659496843660 0.24287398290203516 41
1659496843674 0.23936529637624054 42
1659496843687 0.2359171852100765 43
1659496843699 0.23270609251033855 44
1659496843713 0.22964791310095184 45
1659496843728 0.22656738176866842 46
1659496843742 0.22372391171631054 47
1659496843756 0.22100180247406156 48
1659496843772 0.2185056524764327 49
1659496843788 0.2159834306063297 50
1659496843803 0.21361287139225552 51
1659496843817 0.21129380435528997 52
1659496843835 0.20905189166223748 53
1659496843848 0.20684040472316947 54
1659496843861 0.20474236757193737 55
1659496843877 0.20268472807407206 56
1659496843898 0.20070177934311068 57
1659496843914 0.19873057873273173 58
1659496843929 0.19691439641891112 59
1659496843944 0.19518154271060253 60
1659496843959 0.1934590001840533 61
1659496843973 0.19182026351857784 62
1659496843989 0.1903147147378042 63
1659496844004 0.18875023559490087 64
1659496844018 0.18723403283352638 65
1659496844032 0.18579041662769025 66
1659496844047 0.18438590019969406 67
1659496844060 0.18305203809675116 68
1659496844075 0.18171067477203448 69
1659496844090 0.18043222941230252 70
1659496844105 0.17915530456920833 71
1659496844119 0.17796434237363265 72
1659496844132 0.17681931456740815 73
1659496844148 0.17564393714227058 74
1659496844163 0.17458667448536602 75
1659496844179 0.17352684227998122 76
1659496844196 0.17252088761425982 77
1659496844212 0.17150321996993081 78
1659496844226 0.1705610212168248 79
1659496844239 0.16959342876980893 80
1659496844253 0.16864770451861658 81
1659496844266 0.1677129906685884 82
1659496844279 0.1667831179596052 83
1659496844292 0.16593792098918772 84
1659496844309 0.1650886022142736 85
1659496844322 0.16423155329769767 86
1659496844335 0.16341871919694043 87
1659496844347 0.1627124404580014 88
1659496844362 0.16190336115496193 89
1659496844385 0.16113428009643269 90
1659496844397 0.1604653595852596 91
1659496844411 0.15981769524114767 92
1659496844428 0.15911645394041515 93
1659496844444 0.1584748062235809 94
1659496844459 0.1578196635759182 95
1659496844473 0.15718553465776833 96
1659496844489 0.15659990587074732 97
1659496844507 0.15599691459779821 98
1659496844524 0.15540931323166224 99
