1659497027164 1.1933653424367083 0
1659497027180 1.0483837138786156 1
1659497027195 0.940043144715614 2
1659497027210 0.8549122973581185 3
1659497027224 0.7863318813608865 4
1659497027238 0.729895949607494 5
1659497027264 0.6818119214294862 6
1659497027286 0.6406436756890349 7
1659497027308 0.6049689897764398 8
1659497027327 0.5732523125913701 9
1659497027343 0.5453235633646215 10
1659497027358 0.5203023967129534 11
1659497027373 0.49779557292966625 12
1659497027387 0.477617467371824 13
1659497027409 0.4593704315705774 14
1659497027424 0.4422510336457883 15
1659497027444 0.42691115210373737 16
1659497027460 0.4128700243480889 17
1659497027475 0.39933571827876124 18
1659497027489 0.3870835191731303 19
1659497027503 0.3754225414573459 20
1659497027517 0.36504080366889285 21
1659497027533 0.3550105961699488 22
1659497027549 0.3455352398173281 23
1659497027565 0.3367150449623185 24
1659497027580 0.328575448045246 25
1659497027596 0.3207921409597462 26
1659497027612 0.31348819302231196 27
1659497027627 0.3066831940256594 28
1659497027644 0.30015595616690227 29
1659497027663 0.2940665933127725 30
1659497027679 0.28823580581013464 31
1659497027696 0.28258828258434243 32
1659497027711 0.2771295732942771 33
1659497027729 0.27216506832676857 34
1659497027746 0.2673565825368482 35
1659497027766 0.2627369105512785 36
1659497027785 0.2583415211547375 37
1659497027801 0.2542123121640142 38
1659497027816 0.2501968327025271 39
1659497027831 0.24651075779785037 40
1659497027845 0.24287398290203516 41
1659497027861 0.23936529637624054 42
1659497027877 0.2359171852100765 43
1659497027893 0.23270609251033855 44
1659497027908 0.22964791310095184 45
1659497027925 0.22656738176866842 46
1659497027942 0.22372391171631054 47
1659497027955 0.22100180247406156 48
1659497027970 0.2185056524764327 49
1659497027991 0.2159834306063297 50
1659497028011 0.21361287139225552 51
1659497028030 0.21129380435528997 52
1659497028047 0.20905189166223748 53
1659497028066 0.20684040472316947 54
1659497028087 0.20474236757193737 55
1659497028109 0.20268472807407206 56
1659497028126 0.20070177934311068 57
1659497028142 0.19873057873273173 58
1659497028159 0.19691439641891112 59
1659497028174 0.19518154271060253 60
1659497028191 0.1934590001840533 61
1659497028215 0.19182026351857784 62
1659497028233 0.1903147147378042 63
1659497028249 0.18875023559490087 64
1659497028267 0.18723403283352638 65
1659497028284 0.18579041662769025 66
1659497028301 0.18438590019969406 67
1659497028320 0.18305203809675116 68
1659497028337 0.18171067477203448 69
1659497028352 0.18043222941230252 70
1659497028369 0.17915530456920833 71
1659497028386 0.17796434237363265 72
1659497028403 0.17681931456740815 73
1659497028427 0.17564393714227058 74
1659497028450 0.17458667448536602 75
1659497028467 0.17352684227998122 76
1659497028484 0.17252088761425982 77
1659497028501 0.17150321996993081 78
1659497028516 0.1705610212168248 79
1659497028534 0.16959342876980893 80
1659497028551 0.16864770451861658 81
1659497028566 0.1677129906685884 82
1659497028583 0.1667831179596052 83
1659497028600 0.16593792098918772 84
1659497028615 0.1650886022142736 85
1659497028633 0.16423155329769767 86
1659497028651 0.16341871919694043 87
1659497028670 0.1627124404580014 88
1659497028686 0.16190336115496193 89
1659497028702 0.16113428009643269 90
1659497028718 0.1604653595852596 91
1659497028735 0.15981769524114767 92
1659497028752 0.15911645394041515 93
1659497028770 0.1584748062235809 94
1659497028789 0.1578196635759182 95
1659497028807 0.15718553465776833 96
1659497028822 0.15659990587074732 97
1659497028836 0.15599691459779821 98
1659497028852 0.15540931323166224 99
